{
 "cells": [
  {
   "cell_type": "code",
   "execution_count": 2,
   "metadata": {},
   "outputs": [],
   "source": [
    "import pandas as pd\n",
    "import numpy as np\n",
    "import matplotlib.pyplot as plt\n",
    "import seaborn as sns\n",
    "import scipy.cluster.hierarchy as sch\n",
    "import scipy.stats as stats\n",
    "from scipy.stats import zscore\n",
    "from scipy.spatial.distance import pdist\n",
    "from sklearn.cluster import AgglomerativeClustering\n",
    "from sklearn.cluster import KMeans\n",
    "import pingouin as pg\n",
    "import plotly.express as px \n",
    "import plotly.graph_objects as go\n",
    "import plotly.io as pio\n",
    "# pio.renderers.default='browser'"
   ]
  },
  {
   "cell_type": "code",
   "execution_count": 3,
   "metadata": {},
   "outputs": [],
   "source": [
    "## Fonte: https://www.kaggle.com/datasets/rohan0301/unsupervised-learning-on-country-data\n",
    "dados_paises = pd.read_csv('data/dados_paises.csv')"
   ]
  },
  {
   "cell_type": "markdown",
   "metadata": {},
   "source": [
    "### Visualizando informações sobre os dados e variáveis"
   ]
  },
  {
   "cell_type": "code",
   "execution_count": 5,
   "metadata": {},
   "outputs": [
    {
     "data": {
      "text/html": [
       "<div>\n",
       "<style scoped>\n",
       "    .dataframe tbody tr th:only-of-type {\n",
       "        vertical-align: middle;\n",
       "    }\n",
       "\n",
       "    .dataframe tbody tr th {\n",
       "        vertical-align: top;\n",
       "    }\n",
       "\n",
       "    .dataframe thead th {\n",
       "        text-align: right;\n",
       "    }\n",
       "</style>\n",
       "<table border=\"1\" class=\"dataframe\">\n",
       "  <thead>\n",
       "    <tr style=\"text-align: right;\">\n",
       "      <th></th>\n",
       "      <th>child_mort</th>\n",
       "      <th>exports</th>\n",
       "      <th>health</th>\n",
       "      <th>imports</th>\n",
       "      <th>income</th>\n",
       "      <th>inflation</th>\n",
       "      <th>life_expec</th>\n",
       "      <th>total_fer</th>\n",
       "      <th>gdpp</th>\n",
       "    </tr>\n",
       "  </thead>\n",
       "  <tbody>\n",
       "    <tr>\n",
       "      <th>count</th>\n",
       "      <td>167.000000</td>\n",
       "      <td>167.000000</td>\n",
       "      <td>167.000000</td>\n",
       "      <td>167.000000</td>\n",
       "      <td>167.000000</td>\n",
       "      <td>167.000000</td>\n",
       "      <td>167.000000</td>\n",
       "      <td>167.000000</td>\n",
       "      <td>167.000000</td>\n",
       "    </tr>\n",
       "    <tr>\n",
       "      <th>mean</th>\n",
       "      <td>38.270060</td>\n",
       "      <td>41.108976</td>\n",
       "      <td>6.815689</td>\n",
       "      <td>46.890215</td>\n",
       "      <td>17144.688623</td>\n",
       "      <td>7.781832</td>\n",
       "      <td>70.555689</td>\n",
       "      <td>2.947964</td>\n",
       "      <td>12964.155689</td>\n",
       "    </tr>\n",
       "    <tr>\n",
       "      <th>std</th>\n",
       "      <td>40.328931</td>\n",
       "      <td>27.412010</td>\n",
       "      <td>2.746837</td>\n",
       "      <td>24.209589</td>\n",
       "      <td>19278.067698</td>\n",
       "      <td>10.570704</td>\n",
       "      <td>8.893172</td>\n",
       "      <td>1.513848</td>\n",
       "      <td>18328.704809</td>\n",
       "    </tr>\n",
       "    <tr>\n",
       "      <th>min</th>\n",
       "      <td>2.600000</td>\n",
       "      <td>0.109000</td>\n",
       "      <td>1.810000</td>\n",
       "      <td>0.065900</td>\n",
       "      <td>609.000000</td>\n",
       "      <td>-4.210000</td>\n",
       "      <td>32.100000</td>\n",
       "      <td>1.150000</td>\n",
       "      <td>231.000000</td>\n",
       "    </tr>\n",
       "    <tr>\n",
       "      <th>25%</th>\n",
       "      <td>8.250000</td>\n",
       "      <td>23.800000</td>\n",
       "      <td>4.920000</td>\n",
       "      <td>30.200000</td>\n",
       "      <td>3355.000000</td>\n",
       "      <td>1.810000</td>\n",
       "      <td>65.300000</td>\n",
       "      <td>1.795000</td>\n",
       "      <td>1330.000000</td>\n",
       "    </tr>\n",
       "    <tr>\n",
       "      <th>50%</th>\n",
       "      <td>19.300000</td>\n",
       "      <td>35.000000</td>\n",
       "      <td>6.320000</td>\n",
       "      <td>43.300000</td>\n",
       "      <td>9960.000000</td>\n",
       "      <td>5.390000</td>\n",
       "      <td>73.100000</td>\n",
       "      <td>2.410000</td>\n",
       "      <td>4660.000000</td>\n",
       "    </tr>\n",
       "    <tr>\n",
       "      <th>75%</th>\n",
       "      <td>62.100000</td>\n",
       "      <td>51.350000</td>\n",
       "      <td>8.600000</td>\n",
       "      <td>58.750000</td>\n",
       "      <td>22800.000000</td>\n",
       "      <td>10.750000</td>\n",
       "      <td>76.800000</td>\n",
       "      <td>3.880000</td>\n",
       "      <td>14050.000000</td>\n",
       "    </tr>\n",
       "    <tr>\n",
       "      <th>max</th>\n",
       "      <td>208.000000</td>\n",
       "      <td>200.000000</td>\n",
       "      <td>17.900000</td>\n",
       "      <td>174.000000</td>\n",
       "      <td>125000.000000</td>\n",
       "      <td>104.000000</td>\n",
       "      <td>82.800000</td>\n",
       "      <td>7.490000</td>\n",
       "      <td>105000.000000</td>\n",
       "    </tr>\n",
       "  </tbody>\n",
       "</table>\n",
       "</div>"
      ],
      "text/plain": [
       "       child_mort     exports      health     imports         income  \\\n",
       "count  167.000000  167.000000  167.000000  167.000000     167.000000   \n",
       "mean    38.270060   41.108976    6.815689   46.890215   17144.688623   \n",
       "std     40.328931   27.412010    2.746837   24.209589   19278.067698   \n",
       "min      2.600000    0.109000    1.810000    0.065900     609.000000   \n",
       "25%      8.250000   23.800000    4.920000   30.200000    3355.000000   \n",
       "50%     19.300000   35.000000    6.320000   43.300000    9960.000000   \n",
       "75%     62.100000   51.350000    8.600000   58.750000   22800.000000   \n",
       "max    208.000000  200.000000   17.900000  174.000000  125000.000000   \n",
       "\n",
       "        inflation  life_expec   total_fer           gdpp  \n",
       "count  167.000000  167.000000  167.000000     167.000000  \n",
       "mean     7.781832   70.555689    2.947964   12964.155689  \n",
       "std     10.570704    8.893172    1.513848   18328.704809  \n",
       "min     -4.210000   32.100000    1.150000     231.000000  \n",
       "25%      1.810000   65.300000    1.795000    1330.000000  \n",
       "50%      5.390000   73.100000    2.410000    4660.000000  \n",
       "75%     10.750000   76.800000    3.880000   14050.000000  \n",
       "max    104.000000   82.800000    7.490000  105000.000000  "
      ]
     },
     "execution_count": 5,
     "metadata": {},
     "output_type": "execute_result"
    }
   ],
   "source": [
    "# Estatísticas descritivas das variáveis\n",
    "dados_paises.describe()"
   ]
  },
  {
   "cell_type": "markdown",
   "metadata": {},
   "source": [
    "*Através da análise das estatísticas descritivas observa-se que os intervalos entre valores minimos e maximos é muito distinto, ou seja, os valores estão em escalas distintas, portanto, será necessário aplicar a padronização dos dados por zscore.*"
   ]
  },
  {
   "cell_type": "code",
   "execution_count": 8,
   "metadata": {},
   "outputs": [
    {
     "data": {
      "text/html": [
       "<div>\n",
       "<style scoped>\n",
       "    .dataframe tbody tr th:only-of-type {\n",
       "        vertical-align: middle;\n",
       "    }\n",
       "\n",
       "    .dataframe tbody tr th {\n",
       "        vertical-align: top;\n",
       "    }\n",
       "\n",
       "    .dataframe thead th {\n",
       "        text-align: right;\n",
       "    }\n",
       "</style>\n",
       "<table border=\"1\" class=\"dataframe\">\n",
       "  <thead>\n",
       "    <tr style=\"text-align: right;\">\n",
       "      <th></th>\n",
       "      <th>child_mort</th>\n",
       "      <th>exports</th>\n",
       "      <th>health</th>\n",
       "      <th>imports</th>\n",
       "      <th>income</th>\n",
       "      <th>inflation</th>\n",
       "      <th>life_expec</th>\n",
       "      <th>total_fer</th>\n",
       "      <th>gdpp</th>\n",
       "    </tr>\n",
       "  </thead>\n",
       "  <tbody>\n",
       "    <tr>\n",
       "      <th>child_mort</th>\n",
       "      <td>-</td>\n",
       "      <td>***</td>\n",
       "      <td>***</td>\n",
       "      <td></td>\n",
       "      <td>***</td>\n",
       "      <td>***</td>\n",
       "      <td>***</td>\n",
       "      <td>***</td>\n",
       "      <td>***</td>\n",
       "    </tr>\n",
       "    <tr>\n",
       "      <th>exports</th>\n",
       "      <td>-0.3181</td>\n",
       "      <td>-</td>\n",
       "      <td></td>\n",
       "      <td>***</td>\n",
       "      <td>***</td>\n",
       "      <td></td>\n",
       "      <td>***</td>\n",
       "      <td>***</td>\n",
       "      <td>***</td>\n",
       "    </tr>\n",
       "    <tr>\n",
       "      <th>health</th>\n",
       "      <td>-0.2004</td>\n",
       "      <td>-0.1144</td>\n",
       "      <td>-</td>\n",
       "      <td></td>\n",
       "      <td>*</td>\n",
       "      <td>***</td>\n",
       "      <td>***</td>\n",
       "      <td>**</td>\n",
       "      <td>***</td>\n",
       "    </tr>\n",
       "    <tr>\n",
       "      <th>imports</th>\n",
       "      <td>-0.1272</td>\n",
       "      <td>0.7374</td>\n",
       "      <td>0.0957</td>\n",
       "      <td>-</td>\n",
       "      <td></td>\n",
       "      <td>***</td>\n",
       "      <td></td>\n",
       "      <td>**</td>\n",
       "      <td></td>\n",
       "    </tr>\n",
       "    <tr>\n",
       "      <th>income</th>\n",
       "      <td>-0.5243</td>\n",
       "      <td>0.5168</td>\n",
       "      <td>0.1296</td>\n",
       "      <td>0.1224</td>\n",
       "      <td>-</td>\n",
       "      <td>*</td>\n",
       "      <td>***</td>\n",
       "      <td>***</td>\n",
       "      <td>***</td>\n",
       "    </tr>\n",
       "    <tr>\n",
       "      <th>inflation</th>\n",
       "      <td>0.2883</td>\n",
       "      <td>-0.1073</td>\n",
       "      <td>-0.2554</td>\n",
       "      <td>-0.247</td>\n",
       "      <td>-0.1478</td>\n",
       "      <td>-</td>\n",
       "      <td>***</td>\n",
       "      <td>***</td>\n",
       "      <td>***</td>\n",
       "    </tr>\n",
       "    <tr>\n",
       "      <th>life_expec</th>\n",
       "      <td>-0.8867</td>\n",
       "      <td>0.3163</td>\n",
       "      <td>0.2107</td>\n",
       "      <td>0.0544</td>\n",
       "      <td>0.612</td>\n",
       "      <td>-0.2397</td>\n",
       "      <td>-</td>\n",
       "      <td>***</td>\n",
       "      <td>***</td>\n",
       "    </tr>\n",
       "    <tr>\n",
       "      <th>total_fer</th>\n",
       "      <td>0.8485</td>\n",
       "      <td>-0.32</td>\n",
       "      <td>-0.1967</td>\n",
       "      <td>-0.159</td>\n",
       "      <td>-0.5018</td>\n",
       "      <td>0.3169</td>\n",
       "      <td>-0.7609</td>\n",
       "      <td>-</td>\n",
       "      <td>***</td>\n",
       "    </tr>\n",
       "    <tr>\n",
       "      <th>gdpp</th>\n",
       "      <td>-0.483</td>\n",
       "      <td>0.4187</td>\n",
       "      <td>0.346</td>\n",
       "      <td>0.1155</td>\n",
       "      <td>0.8956</td>\n",
       "      <td>-0.2216</td>\n",
       "      <td>0.6001</td>\n",
       "      <td>-0.4549</td>\n",
       "      <td>-</td>\n",
       "    </tr>\n",
       "  </tbody>\n",
       "</table>\n",
       "</div>"
      ],
      "text/plain": [
       "           child_mort  exports   health imports   income inflation life_expec  \\\n",
       "child_mort          -      ***      ***              ***       ***        ***   \n",
       "exports       -0.3181        -              ***      ***                  ***   \n",
       "health        -0.2004  -0.1144        -                *       ***        ***   \n",
       "imports       -0.1272   0.7374   0.0957       -                ***              \n",
       "income        -0.5243   0.5168   0.1296  0.1224        -         *        ***   \n",
       "inflation      0.2883  -0.1073  -0.2554  -0.247  -0.1478         -        ***   \n",
       "life_expec    -0.8867   0.3163   0.2107  0.0544    0.612   -0.2397          -   \n",
       "total_fer      0.8485    -0.32  -0.1967  -0.159  -0.5018    0.3169    -0.7609   \n",
       "gdpp           -0.483   0.4187    0.346  0.1155   0.8956   -0.2216     0.6001   \n",
       "\n",
       "           total_fer gdpp  \n",
       "child_mort       ***  ***  \n",
       "exports          ***  ***  \n",
       "health            **  ***  \n",
       "imports           **       \n",
       "income           ***  ***  \n",
       "inflation        ***  ***  \n",
       "life_expec       ***  ***  \n",
       "total_fer          -  ***  \n",
       "gdpp         -0.4549    -  "
      ]
     },
     "execution_count": 8,
     "metadata": {},
     "output_type": "execute_result"
    }
   ],
   "source": [
    "# Matriz de correlações das variáveis\n",
    "\n",
    "# Remover a coluna \"country\", pois é apenas um id\n",
    "paises = dados_paises.drop(columns=['country'])\n",
    "\n",
    "# Gerando a matriz de correlações de Pearson\n",
    "matriz_corr = pg.rcorr(paises, method = 'pearson', upper = 'pval', \n",
    "                       decimals = 4, \n",
    "                       pval_stars = {0.01: '***', 0.05: '**', 0.10: '*'})\n",
    "\n",
    "matriz_corr"
   ]
  },
  {
   "cell_type": "code",
   "execution_count": 9,
   "metadata": {},
   "outputs": [
    {
     "data": {
      "application/vnd.plotly.v1+json": {
       "config": {
        "plotlyServerURL": "https://plot.ly"
       },
       "data": [
        {
         "colorscale": [
          [
           0,
           "#440154"
          ],
          [
           0.1111111111111111,
           "#482878"
          ],
          [
           0.2222222222222222,
           "#3e4989"
          ],
          [
           0.3333333333333333,
           "#31688e"
          ],
          [
           0.4444444444444444,
           "#26828e"
          ],
          [
           0.5555555555555556,
           "#1f9e89"
          ],
          [
           0.6666666666666666,
           "#35b779"
          ],
          [
           0.7777777777777778,
           "#6ece58"
          ],
          [
           0.8888888888888888,
           "#b5de2b"
          ],
          [
           1,
           "#fde725"
          ]
         ],
         "text": [
          [
           1,
           -0.31809322264494905,
           -0.20040205881029746,
           -0.12721091993876057,
           -0.5243150164994345,
           0.2882761680227145,
           -0.8866760973367771,
           0.8484781105566707,
           -0.48303216621678186
          ],
          [
           -0.31809322264494905,
           1,
           -0.11440840246461274,
           0.7373808339554994,
           0.5167836027021384,
           -0.10729439255194576,
           0.31631260495547986,
           -0.3200105500358079,
           0.4187247510013237
          ],
          [
           -0.20040205881029746,
           -0.11440840246461274,
           1,
           0.09571667808670582,
           0.1295786050493511,
           -0.25537579284391076,
           0.21069212144020816,
           -0.19667398827210897,
           0.3459655251954038
          ],
          [
           -0.12721091993876057,
           0.7373808339554994,
           0.09571667808670582,
           1,
           0.12240624865259918,
           -0.24699427949656466,
           0.054390534928787225,
           -0.1590484337820177,
           0.11549816977950136
          ],
          [
           -0.5243150164994345,
           0.5167836027021384,
           0.1295786050493511,
           0.12240624865259918,
           1,
           -0.14775599560926253,
           0.6119624680973176,
           -0.5018400532297548,
           0.895571433087531
          ],
          [
           0.2882761680227145,
           -0.10729439255194576,
           -0.25537579284391076,
           -0.24699427949656466,
           -0.14775599560926253,
           1,
           -0.2397049629576343,
           0.3169210715383263,
           -0.22163105810153874
          ],
          [
           -0.8866760973367771,
           0.31631260495547986,
           0.21069212144020816,
           0.054390534928787225,
           0.6119624680973176,
           -0.2397049629576343,
           1,
           -0.7608746874349646,
           0.6000891345742055
          ],
          [
           0.8484781105566707,
           -0.3200105500358079,
           -0.19667398827210897,
           -0.1590484337820177,
           -0.5018400532297548,
           0.3169210715383263,
           -0.7608746874349646,
           1,
           -0.45491026725571565
          ],
          [
           -0.48303216621678186,
           0.4187247510013237,
           0.3459655251954038,
           0.11549816977950136,
           0.895571433087531,
           -0.22163105810153874,
           0.6000891345742055,
           -0.45491026725571565,
           1
          ]
         ],
         "texttemplate": "%{text:.2f}",
         "type": "heatmap",
         "x": [
          "child_mort",
          "exports",
          "health",
          "imports",
          "income",
          "inflation",
          "life_expec",
          "total_fer",
          "gdpp"
         ],
         "y": [
          "child_mort",
          "exports",
          "health",
          "imports",
          "income",
          "inflation",
          "life_expec",
          "total_fer",
          "gdpp"
         ],
         "z": [
          [
           1,
           -0.31809322264494905,
           -0.20040205881029746,
           -0.12721091993876057,
           -0.5243150164994345,
           0.2882761680227145,
           -0.8866760973367771,
           0.8484781105566707,
           -0.48303216621678186
          ],
          [
           -0.31809322264494905,
           1,
           -0.11440840246461274,
           0.7373808339554994,
           0.5167836027021384,
           -0.10729439255194576,
           0.31631260495547986,
           -0.3200105500358079,
           0.4187247510013237
          ],
          [
           -0.20040205881029746,
           -0.11440840246461274,
           1,
           0.09571667808670582,
           0.1295786050493511,
           -0.25537579284391076,
           0.21069212144020816,
           -0.19667398827210897,
           0.3459655251954038
          ],
          [
           -0.12721091993876057,
           0.7373808339554994,
           0.09571667808670582,
           1,
           0.12240624865259918,
           -0.24699427949656466,
           0.054390534928787225,
           -0.1590484337820177,
           0.11549816977950136
          ],
          [
           -0.5243150164994345,
           0.5167836027021384,
           0.1295786050493511,
           0.12240624865259918,
           1,
           -0.14775599560926253,
           0.6119624680973176,
           -0.5018400532297548,
           0.895571433087531
          ],
          [
           0.2882761680227145,
           -0.10729439255194576,
           -0.25537579284391076,
           -0.24699427949656466,
           -0.14775599560926253,
           1,
           -0.2397049629576343,
           0.3169210715383263,
           -0.22163105810153874
          ],
          [
           -0.8866760973367771,
           0.31631260495547986,
           0.21069212144020816,
           0.054390534928787225,
           0.6119624680973176,
           -0.2397049629576343,
           1,
           -0.7608746874349646,
           0.6000891345742055
          ],
          [
           0.8484781105566707,
           -0.3200105500358079,
           -0.19667398827210897,
           -0.1590484337820177,
           -0.5018400532297548,
           0.3169210715383263,
           -0.7608746874349646,
           1,
           -0.45491026725571565
          ],
          [
           -0.48303216621678186,
           0.4187247510013237,
           0.3459655251954038,
           0.11549816977950136,
           0.895571433087531,
           -0.22163105810153874,
           0.6000891345742055,
           -0.45491026725571565,
           1
          ]
         ]
        }
       ],
       "layout": {
        "height": 600,
        "template": {
         "data": {
          "bar": [
           {
            "error_x": {
             "color": "#2a3f5f"
            },
            "error_y": {
             "color": "#2a3f5f"
            },
            "marker": {
             "line": {
              "color": "#E5ECF6",
              "width": 0.5
             },
             "pattern": {
              "fillmode": "overlay",
              "size": 10,
              "solidity": 0.2
             }
            },
            "type": "bar"
           }
          ],
          "barpolar": [
           {
            "marker": {
             "line": {
              "color": "#E5ECF6",
              "width": 0.5
             },
             "pattern": {
              "fillmode": "overlay",
              "size": 10,
              "solidity": 0.2
             }
            },
            "type": "barpolar"
           }
          ],
          "carpet": [
           {
            "aaxis": {
             "endlinecolor": "#2a3f5f",
             "gridcolor": "white",
             "linecolor": "white",
             "minorgridcolor": "white",
             "startlinecolor": "#2a3f5f"
            },
            "baxis": {
             "endlinecolor": "#2a3f5f",
             "gridcolor": "white",
             "linecolor": "white",
             "minorgridcolor": "white",
             "startlinecolor": "#2a3f5f"
            },
            "type": "carpet"
           }
          ],
          "choropleth": [
           {
            "colorbar": {
             "outlinewidth": 0,
             "ticks": ""
            },
            "type": "choropleth"
           }
          ],
          "contour": [
           {
            "colorbar": {
             "outlinewidth": 0,
             "ticks": ""
            },
            "colorscale": [
             [
              0,
              "#0d0887"
             ],
             [
              0.1111111111111111,
              "#46039f"
             ],
             [
              0.2222222222222222,
              "#7201a8"
             ],
             [
              0.3333333333333333,
              "#9c179e"
             ],
             [
              0.4444444444444444,
              "#bd3786"
             ],
             [
              0.5555555555555556,
              "#d8576b"
             ],
             [
              0.6666666666666666,
              "#ed7953"
             ],
             [
              0.7777777777777778,
              "#fb9f3a"
             ],
             [
              0.8888888888888888,
              "#fdca26"
             ],
             [
              1,
              "#f0f921"
             ]
            ],
            "type": "contour"
           }
          ],
          "contourcarpet": [
           {
            "colorbar": {
             "outlinewidth": 0,
             "ticks": ""
            },
            "type": "contourcarpet"
           }
          ],
          "heatmap": [
           {
            "colorbar": {
             "outlinewidth": 0,
             "ticks": ""
            },
            "colorscale": [
             [
              0,
              "#0d0887"
             ],
             [
              0.1111111111111111,
              "#46039f"
             ],
             [
              0.2222222222222222,
              "#7201a8"
             ],
             [
              0.3333333333333333,
              "#9c179e"
             ],
             [
              0.4444444444444444,
              "#bd3786"
             ],
             [
              0.5555555555555556,
              "#d8576b"
             ],
             [
              0.6666666666666666,
              "#ed7953"
             ],
             [
              0.7777777777777778,
              "#fb9f3a"
             ],
             [
              0.8888888888888888,
              "#fdca26"
             ],
             [
              1,
              "#f0f921"
             ]
            ],
            "type": "heatmap"
           }
          ],
          "heatmapgl": [
           {
            "colorbar": {
             "outlinewidth": 0,
             "ticks": ""
            },
            "colorscale": [
             [
              0,
              "#0d0887"
             ],
             [
              0.1111111111111111,
              "#46039f"
             ],
             [
              0.2222222222222222,
              "#7201a8"
             ],
             [
              0.3333333333333333,
              "#9c179e"
             ],
             [
              0.4444444444444444,
              "#bd3786"
             ],
             [
              0.5555555555555556,
              "#d8576b"
             ],
             [
              0.6666666666666666,
              "#ed7953"
             ],
             [
              0.7777777777777778,
              "#fb9f3a"
             ],
             [
              0.8888888888888888,
              "#fdca26"
             ],
             [
              1,
              "#f0f921"
             ]
            ],
            "type": "heatmapgl"
           }
          ],
          "histogram": [
           {
            "marker": {
             "pattern": {
              "fillmode": "overlay",
              "size": 10,
              "solidity": 0.2
             }
            },
            "type": "histogram"
           }
          ],
          "histogram2d": [
           {
            "colorbar": {
             "outlinewidth": 0,
             "ticks": ""
            },
            "colorscale": [
             [
              0,
              "#0d0887"
             ],
             [
              0.1111111111111111,
              "#46039f"
             ],
             [
              0.2222222222222222,
              "#7201a8"
             ],
             [
              0.3333333333333333,
              "#9c179e"
             ],
             [
              0.4444444444444444,
              "#bd3786"
             ],
             [
              0.5555555555555556,
              "#d8576b"
             ],
             [
              0.6666666666666666,
              "#ed7953"
             ],
             [
              0.7777777777777778,
              "#fb9f3a"
             ],
             [
              0.8888888888888888,
              "#fdca26"
             ],
             [
              1,
              "#f0f921"
             ]
            ],
            "type": "histogram2d"
           }
          ],
          "histogram2dcontour": [
           {
            "colorbar": {
             "outlinewidth": 0,
             "ticks": ""
            },
            "colorscale": [
             [
              0,
              "#0d0887"
             ],
             [
              0.1111111111111111,
              "#46039f"
             ],
             [
              0.2222222222222222,
              "#7201a8"
             ],
             [
              0.3333333333333333,
              "#9c179e"
             ],
             [
              0.4444444444444444,
              "#bd3786"
             ],
             [
              0.5555555555555556,
              "#d8576b"
             ],
             [
              0.6666666666666666,
              "#ed7953"
             ],
             [
              0.7777777777777778,
              "#fb9f3a"
             ],
             [
              0.8888888888888888,
              "#fdca26"
             ],
             [
              1,
              "#f0f921"
             ]
            ],
            "type": "histogram2dcontour"
           }
          ],
          "mesh3d": [
           {
            "colorbar": {
             "outlinewidth": 0,
             "ticks": ""
            },
            "type": "mesh3d"
           }
          ],
          "parcoords": [
           {
            "line": {
             "colorbar": {
              "outlinewidth": 0,
              "ticks": ""
             }
            },
            "type": "parcoords"
           }
          ],
          "pie": [
           {
            "automargin": true,
            "type": "pie"
           }
          ],
          "scatter": [
           {
            "fillpattern": {
             "fillmode": "overlay",
             "size": 10,
             "solidity": 0.2
            },
            "type": "scatter"
           }
          ],
          "scatter3d": [
           {
            "line": {
             "colorbar": {
              "outlinewidth": 0,
              "ticks": ""
             }
            },
            "marker": {
             "colorbar": {
              "outlinewidth": 0,
              "ticks": ""
             }
            },
            "type": "scatter3d"
           }
          ],
          "scattercarpet": [
           {
            "marker": {
             "colorbar": {
              "outlinewidth": 0,
              "ticks": ""
             }
            },
            "type": "scattercarpet"
           }
          ],
          "scattergeo": [
           {
            "marker": {
             "colorbar": {
              "outlinewidth": 0,
              "ticks": ""
             }
            },
            "type": "scattergeo"
           }
          ],
          "scattergl": [
           {
            "marker": {
             "colorbar": {
              "outlinewidth": 0,
              "ticks": ""
             }
            },
            "type": "scattergl"
           }
          ],
          "scattermapbox": [
           {
            "marker": {
             "colorbar": {
              "outlinewidth": 0,
              "ticks": ""
             }
            },
            "type": "scattermapbox"
           }
          ],
          "scatterpolar": [
           {
            "marker": {
             "colorbar": {
              "outlinewidth": 0,
              "ticks": ""
             }
            },
            "type": "scatterpolar"
           }
          ],
          "scatterpolargl": [
           {
            "marker": {
             "colorbar": {
              "outlinewidth": 0,
              "ticks": ""
             }
            },
            "type": "scatterpolargl"
           }
          ],
          "scatterternary": [
           {
            "marker": {
             "colorbar": {
              "outlinewidth": 0,
              "ticks": ""
             }
            },
            "type": "scatterternary"
           }
          ],
          "surface": [
           {
            "colorbar": {
             "outlinewidth": 0,
             "ticks": ""
            },
            "colorscale": [
             [
              0,
              "#0d0887"
             ],
             [
              0.1111111111111111,
              "#46039f"
             ],
             [
              0.2222222222222222,
              "#7201a8"
             ],
             [
              0.3333333333333333,
              "#9c179e"
             ],
             [
              0.4444444444444444,
              "#bd3786"
             ],
             [
              0.5555555555555556,
              "#d8576b"
             ],
             [
              0.6666666666666666,
              "#ed7953"
             ],
             [
              0.7777777777777778,
              "#fb9f3a"
             ],
             [
              0.8888888888888888,
              "#fdca26"
             ],
             [
              1,
              "#f0f921"
             ]
            ],
            "type": "surface"
           }
          ],
          "table": [
           {
            "cells": {
             "fill": {
              "color": "#EBF0F8"
             },
             "line": {
              "color": "white"
             }
            },
            "header": {
             "fill": {
              "color": "#C8D4E3"
             },
             "line": {
              "color": "white"
             }
            },
            "type": "table"
           }
          ]
         },
         "layout": {
          "annotationdefaults": {
           "arrowcolor": "#2a3f5f",
           "arrowhead": 0,
           "arrowwidth": 1
          },
          "autotypenumbers": "strict",
          "coloraxis": {
           "colorbar": {
            "outlinewidth": 0,
            "ticks": ""
           }
          },
          "colorscale": {
           "diverging": [
            [
             0,
             "#8e0152"
            ],
            [
             0.1,
             "#c51b7d"
            ],
            [
             0.2,
             "#de77ae"
            ],
            [
             0.3,
             "#f1b6da"
            ],
            [
             0.4,
             "#fde0ef"
            ],
            [
             0.5,
             "#f7f7f7"
            ],
            [
             0.6,
             "#e6f5d0"
            ],
            [
             0.7,
             "#b8e186"
            ],
            [
             0.8,
             "#7fbc41"
            ],
            [
             0.9,
             "#4d9221"
            ],
            [
             1,
             "#276419"
            ]
           ],
           "sequential": [
            [
             0,
             "#0d0887"
            ],
            [
             0.1111111111111111,
             "#46039f"
            ],
            [
             0.2222222222222222,
             "#7201a8"
            ],
            [
             0.3333333333333333,
             "#9c179e"
            ],
            [
             0.4444444444444444,
             "#bd3786"
            ],
            [
             0.5555555555555556,
             "#d8576b"
            ],
            [
             0.6666666666666666,
             "#ed7953"
            ],
            [
             0.7777777777777778,
             "#fb9f3a"
            ],
            [
             0.8888888888888888,
             "#fdca26"
            ],
            [
             1,
             "#f0f921"
            ]
           ],
           "sequentialminus": [
            [
             0,
             "#0d0887"
            ],
            [
             0.1111111111111111,
             "#46039f"
            ],
            [
             0.2222222222222222,
             "#7201a8"
            ],
            [
             0.3333333333333333,
             "#9c179e"
            ],
            [
             0.4444444444444444,
             "#bd3786"
            ],
            [
             0.5555555555555556,
             "#d8576b"
            ],
            [
             0.6666666666666666,
             "#ed7953"
            ],
            [
             0.7777777777777778,
             "#fb9f3a"
            ],
            [
             0.8888888888888888,
             "#fdca26"
            ],
            [
             1,
             "#f0f921"
            ]
           ]
          },
          "colorway": [
           "#636efa",
           "#EF553B",
           "#00cc96",
           "#ab63fa",
           "#FFA15A",
           "#19d3f3",
           "#FF6692",
           "#B6E880",
           "#FF97FF",
           "#FECB52"
          ],
          "font": {
           "color": "#2a3f5f"
          },
          "geo": {
           "bgcolor": "white",
           "lakecolor": "white",
           "landcolor": "#E5ECF6",
           "showlakes": true,
           "showland": true,
           "subunitcolor": "white"
          },
          "hoverlabel": {
           "align": "left"
          },
          "hovermode": "closest",
          "mapbox": {
           "style": "light"
          },
          "paper_bgcolor": "white",
          "plot_bgcolor": "#E5ECF6",
          "polar": {
           "angularaxis": {
            "gridcolor": "white",
            "linecolor": "white",
            "ticks": ""
           },
           "bgcolor": "#E5ECF6",
           "radialaxis": {
            "gridcolor": "white",
            "linecolor": "white",
            "ticks": ""
           }
          },
          "scene": {
           "xaxis": {
            "backgroundcolor": "#E5ECF6",
            "gridcolor": "white",
            "gridwidth": 2,
            "linecolor": "white",
            "showbackground": true,
            "ticks": "",
            "zerolinecolor": "white"
           },
           "yaxis": {
            "backgroundcolor": "#E5ECF6",
            "gridcolor": "white",
            "gridwidth": 2,
            "linecolor": "white",
            "showbackground": true,
            "ticks": "",
            "zerolinecolor": "white"
           },
           "zaxis": {
            "backgroundcolor": "#E5ECF6",
            "gridcolor": "white",
            "gridwidth": 2,
            "linecolor": "white",
            "showbackground": true,
            "ticks": "",
            "zerolinecolor": "white"
           }
          },
          "shapedefaults": {
           "line": {
            "color": "#2a3f5f"
           }
          },
          "ternary": {
           "aaxis": {
            "gridcolor": "white",
            "linecolor": "white",
            "ticks": ""
           },
           "baxis": {
            "gridcolor": "white",
            "linecolor": "white",
            "ticks": ""
           },
           "bgcolor": "#E5ECF6",
           "caxis": {
            "gridcolor": "white",
            "linecolor": "white",
            "ticks": ""
           }
          },
          "title": {
           "x": 0.05
          },
          "xaxis": {
           "automargin": true,
           "gridcolor": "white",
           "linecolor": "white",
           "ticks": "",
           "title": {
            "standoff": 15
           },
           "zerolinecolor": "white",
           "zerolinewidth": 2
          },
          "yaxis": {
           "automargin": true,
           "gridcolor": "white",
           "linecolor": "white",
           "ticks": "",
           "title": {
            "standoff": 15
           },
           "zerolinecolor": "white",
           "zerolinewidth": 2
          }
         }
        },
        "width": 600
       }
      }
     },
     "metadata": {},
     "output_type": "display_data"
    }
   ],
   "source": [
    "# Mapa de calor indicando a correlação entre os atributos\n",
    "\n",
    "# Matriz de correlações básica\n",
    "corr = paises.corr()\n",
    "\n",
    "# Gráfico de calor (heatmap)\n",
    "fig = go.Figure()\n",
    "\n",
    "fig.add_trace(\n",
    "    go.Heatmap(\n",
    "        x = corr.columns,\n",
    "        y = corr.index,\n",
    "        z = np.array(corr),\n",
    "        text=corr.values,\n",
    "        texttemplate='%{text:.2f}',\n",
    "        colorscale='viridis'))\n",
    "\n",
    "fig.update_layout(\n",
    "    height = 600,\n",
    "    width = 600)\n",
    "\n",
    "fig.show()"
   ]
  },
  {
   "cell_type": "code",
   "execution_count": 10,
   "metadata": {},
   "outputs": [],
   "source": [
    "# Padronização das variáveis\n",
    "\n",
    "# Aplicando o procedimento de ZScore em todas as variáveis\n",
    "paises_pad = paises.apply(zscore, ddof=1)\n",
    "\n",
